0.1107941
0.375102
2.561134
3.137619
3.730136
4.313333
4.600839
4.883220
5.191633
5.493900
5.789592
6.087642
6.367619
6.664558
6.958798
7.237166
7.522290
7.812880
8.084989
8.103764
8.415828
8.693197
8.962585
9.517029
9.806939
10.109297
10.394558
10.415533
10.686009
10.957052
11.286236
11.555964
11.834240
12.098118
12.121633
12.416644
12.983900
13.132018
13.271247
13.456440
13.571655
13.828209
14.110952
14.135828
14.389320
14.404218
14.686168
15.846236
16.426236
16.443379
16.989478
18.709660
18.731066
18.993379
19.009501
19.290499
19.311814
19.858005
20.151202
20.173810
20.444014
20.458571
20.743696
21.007710
21.030408
21.302109
21.570635
21.599320
21.868005
22.162472
22.283673
22.429864
22.713878
22.928027
22.980907
23.211950
23.248027
23.520862
23.545283
23.827778
24.090635
24.119615
24.398005
24.693583
25.002789
25.275556
25.564921
25.580000
25.848481
26.139342
26.422744
26.986304
27.270295
27.555850
27.571020
27.834535
28.106485
28.384989
29.529478
30.091995
30.355578
30.384739
30.653469
30.672948
30.940295
31.218005
31.427914
31.495397
31.781995
32.050816
32.303243
32.339206
32.361406
32.905646
33.470136
33.488005
33.749864
33.772086
34.063129
34.285986
34.625941
34.906961
35.226100
36.065170
36.348866
36.907120
37.136009
37.182630
37.464467
38.032540
38.590454
38.871179
39.149660
39.413243
39.449206
39.728594
40.008912
40.278889
40.438186
40.560045
40.834263
41.114943
41.392789
41.417574
41.999796
42.260431
42.284014
42.822562
42.844580
43.111995
43.412154
43.693515
43.970771
44.257823
44.535261
44.841791
45.101859
45.388367
45.655420
45.962494
45.985011
46.176304
46.231837
46.519773
47.384036
47.686667
48.232653
48.382018
48.501610
48.790159
49.341519
49.364399
49.623628
49.643039
49.906372
50.183243
50.455941
50.473107
50.740454
51.054603
51.274172
51.310454
51.336259
51.628685
51.900975
51.917370
52.180839
52.452608
52.470363
52.744921
53.022041
53.048957
53.316553
53.340544
53.880317
54.159184
54.444127
54.727619
55.008073
55.233673
55.274172
55.558005
56.120930
56.435782
56.690045
56.711474
57.263447
57.288005
57.454671
57.520612
57.555533
57.819093
57.835011
58.094376
58.362222
58.647143
58.925442
59.138005
59.198639
59.221701
59.475805
59.509456
60.079252
61.192698
61.473401
61.496440
61.752358
61.775556
62.018934
62.045057
62.309410
62.328571
62.594580
62.622721
62.872358
63.168549
63.191361
63.458707
63.953605
64.016032
64.031905
64.272041
64.563175
65.127642
65.699546
65.985102
66.011179
66.267211
66.537256
66.832404
66.852993
67.080249
67.138662
67.680862
67.969274
68.242585
68.276893
68.496735
68.525510
68.829070
69.098957
69.374399
69.665057
69.960249
70.250748
70.522948
70.802744
71.089093
71.389048
71.679410
71.702336
71.955624
71.975669
72.246236
72.495737
72.520499
72.739773
72.801678
73.062744
73.085828
73.367914
73.652834
73.669048
73.949274
73.970726
74.227551
74.505329
74.802245
74.815964
75.081814
75.102971
75.364150
75.398413
75.648798
75.666531
75.959615
76.214807
76.240930
76.509252
76.781678
76.989932
77.086281
77.339864
77.637279
77.901519
78.211043
78.506054
78.784376
78.808390
79.071746
79.090590
79.367642
79.626100
79.646327
79.915692
80.216463
80.493923
80.781179
80.799002
81.057483
81.344762
81.369025
81.616803
81.891451
81.911723
82.175351
82.206871
82.464853
82.702925
82.766599
83.039002
83.311950
83.602630
83.881156
83.898027
84.177438
84.450068
84.746463
85.027120
85.303787
85.575351
85.844694
86.133605
86.401927
86.677370
86.712766
87.248118
87.267755
87.531202
87.822222
88.123333
88.269388
88.397506
88.658050
88.961791
89.227846
89.462222
89.535057
89.551610
89.813605
90.133311
90.382268
90.399660
90.689977
90.948435
91.248005
91.530839
91.835374
92.100907
92.402381
92.716621
93.001542
93.267891
93.289932
93.569887
93.849116
94.138866
94.385057
94.422698
94.708027
94.929410
94.993379
95.282562
95.538345
95.817302
97.259002
97.319365
97.544014
98.096054
98.404853
98.676667
99.247574
99.269796
99.821134
99.843220
100.101814
100.124263
100.385170
100.406621
100.591973
100.664649
101.516236
101.538390
101.806553
102.096803
102.393447
102.668753
102.693583
102.853991
102.921088
103.216735
103.507483
103.528186
103.796893
103.813560
104.064082
104.088435
104.344943
104.626780
104.846893
104.895533
105.179841
105.458617
106.043537
106.299728
106.571791
106.589546
106.862698
107.142268
107.424739
107.714512
108.000363
108.291383
108.569569
108.592132
108.847755
108.869274
109.132653
109.406689
109.683424
109.708050
109.984717
110.003946
111.106304
111.673741
111.941610
112.244898
112.534512
112.555329
112.801905
113.069546
113.083175
113.109093
113.363333
113.633583
113.904150
113.927664
114.478912
114.496281
114.741383
115.071066
115.348639
115.622540
115.912608
115.934286
116.200703
116.475714
116.492676
116.760544
117.335011
117.351655
117.602381
117.886508
118.173560
118.304853
118.455329
118.472857
118.745760
119.025034
119.320748
119.595669
119.900612
120.177392
120.440317
120.474444
120.698503
120.737188
120.863832
121.005102
121.299705
121.572902
121.892426
122.136825
122.424943
122.687732
122.709252
122.973197
122.991474
123.251746
123.280862
123.542766
123.555442
123.807347
123.833968
124.103401
124.124580
124.370544
124.386825
124.675692
124.939887
124.958912
125.233537
125.512608
125.798844
126.633900
126.651859
126.921224
126.938934
127.186916
127.215125
127.440068
127.487166
127.710862
127.789546
128.067528
128.621247
128.898118
128.920454
129.206735
129.456168
129.488118
129.740726
130.019478
130.054558
130.319977
130.872404
131.155261
131.437415
131.651020
131.696168
131.714739
131.917415
131.946780
131.981746
132.278095
132.474785
132.567483
132.852268
133.142041
133.420975
133.717415
133.743673
134.002426
134.279206
134.300635
134.547324
134.579592
134.834490
135.112766
135.400748
135.634921
135.667778
135.690068
135.916825
135.963968
135.986961
136.239864
136.508844
136.535102
136.709932
136.798549
137.000091
137.049683
137.349048
137.613311
137.772018
137.809229
137.889932
138.163265
138.447732
138.665125
138.721134
138.892766
138.993900
139.011474
139.280068
139.545488
139.571610
139.826304
140.085442
140.365170
140.631474
140.894127
141.036463
141.117188
141.159388
141.188367
141.449252
141.734172
142.012086
142.302018
142.336485
142.571020
142.593084
142.877098
143.153515
143.295147
143.357891
143.420476
143.441224
143.695601
143.714286
143.985714
144.265215
144.297460
144.543175
144.715624
144.792404
144.822902
145.103424
145.131066
145.393288
145.565125
145.672585
145.942698
146.225170
146.244354
146.510726
146.529683
146.773696
147.069546
147.326621
147.350340
147.603424
147.885964
148.070295
148.189070
148.468549
148.711383
148.740408
149.018345
149.040726
149.269478
149.298435
149.556576
149.831202
149.853855
150.109410
150.396871
150.667574
150.934354
150.958458
151.128980
151.220703
151.492766
151.751746
151.782812
152.006531
152.057256
152.330658
152.565420
152.619048
152.876712
153.155238
153.184649
153.414444
153.703129
153.976395
154.160522
154.252925
154.276440
154.515488
154.534535
154.803673
154.818141
155.084966
155.363379
155.636961
155.920839
156.163311
156.182517
156.472540
156.756349
157.035057
157.051837
157.308685
157.331474
157.575147
157.603084
157.837664
158.121497
158.399388
158.416667
158.683605
158.702585
159.243401
159.501655
159.796100
160.061315
160.333061
160.352540
160.605034
160.890136
160.916803
161.075805
161.185964
161.459252
161.483447
161.737528
162.021247
162.290204
162.572222
162.840590
163.011293
163.125057
163.323061
163.374739
163.664490
163.901587
163.937710
164.117143
164.204308
164.471723
164.750068
164.964399
165.017551
165.300907
165.545351
165.831474
166.097415
166.123333
166.364853
166.617574
166.635692
166.927596
167.179864
167.200068
167.425964
167.477347
167.746417
168.041973
168.287687
168.337007
168.552789
168.860907
169.086803
169.122880
169.376893
169.662132
169.929660
170.223107
170.482200
170.752063
171.013696
171.030567
171.275828
171.301293
171.531927
171.548299
171.745193
171.803084
172.081723
172.115964
172.350726
172.368458
172.621995
172.656304
172.830590
172.912336
173.189796
173.306893
173.452336
173.719093
173.992653
174.256259
174.276848
174.525692
174.799116
175.066122
175.327959
175.605692
175.861859
175.886032
175.973605
176.067710
176.130748
176.156485
176.406689
176.428481
176.689841
176.938526
176.961224
177.213265
177.475533
177.764286
177.782948
178.024898
178.305147
178.337596
178.572540
178.597460
178.845102
179.123220
179.372721
179.664921
179.677596
179.941429
180.193061
180.477959
180.499025
180.732154
180.766032
180.985034
181.012834
181.035533
181.276463
181.313628
181.543492
181.578798
181.833265
182.104286
182.135283
182.368481
182.392472
182.636916
182.920340
183.193175
183.436349
183.469342
183.703946
183.978639
184.011043
184.255601
184.522585
184.539184
184.788685
185.330136
185.909546
186.455079
186.987687
187.273243
187.575782
188.447143
188.713243
189.244127
189.264263
189.816463
190.679909
190.948594
191.216485
191.337596
191.513175
192.060998
192.619161
192.886871
193.155510
193.712789
194.274694
194.843628
195.383379
195.796395
195.957438
196.521293
197.084717
197.339796
197.614444
197.867664
198.013651
198.158549
198.183719
198.723016
199.300363
199.318685
199.859546
200.081950
200.241451
200.404535
200.954875
201.385397
201.507007
201.768866
202.049116
202.268821
202.307914
203.116281
204.603197
205.479297
205.558141
206.354082
206.670998
207.800045
207.881315
210.170544
210.284558
211.046825
211.336984
211.829524
211.894853
211.994490
212.458231
212.796667
215.736009
216.039206
216.576281
216.711837
217.450023
217.967868
218.035556
218.341769
218.542744
218.864399
219.112608
219.404512
219.638980
219.944218
220.193175
220.224898
220.495941
220.731293
221.009569
221.029932
221.293719
221.570816
221.840907
222.121020
222.390091
222.679342
222.906281
222.921587
222.948866
223.207120
223.476213
223.769388
224.047234
224.337188
224.581973
224.785896
224.878753
225.128707
225.230068
225.268322
225.413991
225.679569
225.971088
226.236553
226.275102
226.529660
226.694535
226.788707
227.068367
227.339887
227.369569
227.496236
227.634739
227.887211
228.181723
228.440499
228.464444
228.736327
228.999728
229.264286
229.522766
229.800476
230.073220
230.371950
230.623356
230.910363
230.931973
231.205533
231.486349
231.508186
231.746145
231.880385
231.921202
231.963311
231.988277
232.058503
232.084853
232.308639
232.621927
232.895102
233.157937
233.412721
233.702812
233.953311
233.976735
234.236213
234.479887
234.788571
235.063946
235.309048
235.589002
235.884694
236.157007
236.412948
236.679773
236.957120
237.223469
237.505374
237.750907
238.045102
238.300249
238.530204
238.570431
238.845125
238.877596
239.123061
239.151814
239.703651
239.989456
240.269592
240.530204
240.566100
240.801224
240.825057
241.038254
241.075601
241.104943
241.376780
241.676735
241.949728
242.169705
242.207007
242.479751
242.746349
242.776009
243.013583
243.047234
243.255692
243.283175
243.552948
243.569274
243.845669
243.870091
244.110023
244.405011
244.578730
244.651474
244.666463
244.934036
244.968571
245.200862
245.352222
245.474036
245.747052
246.031088
246.324739
246.570862
246.600680
246.865692
247.130204
247.372925
247.419751
247.673878
247.692676
247.886122
247.954739
248.231814
248.486667
248.770023
249.050454
249.307642
249.337914
249.563855
249.605306
249.857800
249.884717
250.156440
250.428798
250.704898
250.965828
251.273855
251.516848
251.549615
251.791066
252.062154
252.335601
252.603220
252.622971
252.889320
253.164762
253.439887
253.701224
253.978458
254.240113
254.530363
254.548662
254.791293
255.059002
255.080612
255.346871
255.610930
255.870703
256.141950
