double onsetTimestamps = {0.017415, 0.117415, 0.911723, 0.950748, 1.109297, 1.189048, 1.223379, 1.336349, 1.376100, 1.799252, 1.948866, 2.019637, 2.364036, 2.532698, 2.567415, 2.903311, 3.142222, 3.732857, 4.092721, 4.321020, 4.602676, 4.884762, 4.911270, 5.166848, 5.192290, 5.495601, 5.760317, 5.789932, 6.065850, 6.088322, 6.368639, 6.546825, 6.672290, 6.922494, 6.959546, 6.980385, 7.079955, 7.240227, 7.476463, 7.524649, 7.813878, 7.834717, 8.085714, 8.104785, 8.416417, 8.673424, 8.694036, 8.763333, 8.811429, 8.971950, 9.218617, 9.249093, 9.522222, 9.687029, 9.734376, 9.768617, 9.807937, 9.831247, 10.113605, 10.395011, 10.416213, 10.686757, 10.871950, 10.958889, 10.974807, 10.994399, 11.127664, 11.288277, 11.557211, 11.748073, 11.812381, 11.835760, 11.857800, 12.014535, 12.077029, 12.099569, 12.123991, 12.385964, 12.420249, 12.610023, 12.700476, 12.984853, 13.133605, 13.170998, 13.219546, 13.277778, 13.456961, 13.529751, 13.579524, 13.743469, 13.829093, 13.850204, 14.075782, 14.112449, 14.136735, 14.244694, 14.390000, 14.405714, 14.687506, 14.953197, 14.988231, 15.185873, 15.239683, 15.278662, 15.551247, 15.572789, 15.597211, 15.801179, 15.847687, 15.879138, 16.052812, 16.131882, 16.158571, 16.427506, 16.444490, 16.672857, 16.706190, 16.727891, 16.990227, 17.301633, 17.577347, 17.601565, 17.865125, 17.887551, 18.148186, 18.167642, 18.424671, 18.442971, 18.580748, 18.606621, 18.711224, 18.732132, 18.873129, 18.928186, 18.994376, 19.010930, 19.292585, 19.312789, 19.567211, 19.594172, 19.858889, 19.878594, 20.153265, 20.174558, 20.340930, 20.444785, 20.461315, 20.723628, 20.744512, 20.923288, 21.008957, 21.031134, 21.169116, 21.206372, 21.225760, 21.262222};
21.279433	
21.302812	
21.572086	
21.599751	
21.750385	
21.870998	
21.992993	
22.163311	
22.183651	
22.284807	
22.337098	
22.376984	
22.430340	
22.449728	
22.679184	
22.714830	
22.928594	
22.981678	
22.997460	
23.106621	
23.212630	
23.248549	
23.275533	
23.521633	
23.546259	
23.659932	
23.741224	
23.775465	
23.829252	
24.091497	
24.120045	
24.398912	
24.417914	
24.694694	
24.721655	
24.938095	
25.011088	
25.163175	
25.287256	
25.469728	
25.565964	
25.581429	
25.781383	
25.827687	
25.849229	
26.005692	
26.140567	
26.423991	
26.698163	
26.719161	
26.988798	
27.008549	
27.142245	
27.271406	
27.556621	
27.572880	
27.770454	
27.835760	
28.024535	
28.049615	
28.070227	
28.107166	
28.129887	
28.280998	
28.386009	
28.682018	
28.973537	
29.039229	
29.250726	
29.273878	
29.444172	
29.530590	
29.812472	
30.093084	
30.114444	
30.258821	
30.356417	
30.384875	
30.609887	
30.654512	
30.674286	
30.942018	
31.096327	
31.141474	
31.218730	
31.432404	
31.460612	
31.495941	
31.519388	
31.602449	
31.659048	
31.747664	
31.792063	
32.001723	
32.051474	
32.076735	
32.304082	
32.339660	
32.362132	
32.606077	
32.768118	
32.792041	
32.907528	
33.076712	
33.168186	
33.190181	
33.355397	
33.471519	
33.490726	
33.689615	
33.751088	
33.772834	
34.046122	
34.064376	
34.286417	
34.322948	
34.352766	
34.543946	
34.626961	
34.869637	
34.908503	
34.928685	
35.229025	
35.477302	
35.500431	
35.636168	
35.771247	
35.799388	
35.940680	
36.066100	
36.088481	
36.350023	
36.622902	
36.649887	
36.907959	
36.929819	
37.109388	
37.136893	
37.183469	
37.316100	
37.417846	
37.465556	
37.743469	
37.765261	
38.033537	
38.323356	
38.591270	
38.611927	
38.872744	
39.151224	
39.174603	
39.305238	
39.353129	
39.373878	
39.414082	
39.449410	
39.729751	
39.752200	
39.890748	
40.010408	
40.169864	
40.226871	
40.279819	
40.296508	
40.439864	
40.479932	
40.560680	
40.589683	
40.835760	
40.856871	
41.115941	
41.135374	
41.394286	
41.418141	
41.690748	
41.711655	
42.005669	
42.261474	
42.285102	
42.555805	
42.823356	
42.845533	
43.112812	
43.128821	
43.413764	
43.436190	
43.694853	
43.713605	
43.903741	
43.972154	
43.987846	
44.264694	
44.536077	
44.561270	
44.813832	
44.842041	
45.103016	
45.125692	
45.355170	
45.389252	
45.408254	
45.656077	
45.680884	
45.963107	
45.985873	
46.178390	
46.232676	
46.259070	
46.520522	
46.543265	
46.806395	
47.017528	
47.089456	
47.384921	
47.406304	
47.660431	
47.687755	
47.833696	
47.967188	
48.072585	
48.103605	
48.233855	
48.382993	
48.414785	
48.502290	
48.525057	
48.791247	
48.954603	
48.978027	
49.016848	
49.342268	
49.365238	
49.572426	
49.624218	
49.643810	
49.789751	
49.907937	
49.927438	
50.126848	
50.159206	
50.184014	
50.456621	
50.475215	
50.741973	
50.754649	
51.063333	
51.274694	
51.310998	
51.336803	
51.629569	
51.642018	
51.839093	
51.901746	
51.919070	
52.190295	
52.453197	
52.471542	
52.758617	
53.022812	
53.049615	
53.318005	
53.341134	
53.602653	
53.807302	
53.881247	
53.901587	
54.159909	
54.182472	
54.445034	
54.459025	
54.728503	
54.749388	
54.862789	
54.984807	
55.009025	
55.029660	
55.182313	
55.236417	
55.274785	
55.296259	
55.558639	
55.581043	
55.693968	
55.837029	
55.858844	
55.949070	
56.012630	
56.047415	
56.121837	
56.148912	
56.413333	
56.436689	
56.690658	
56.712313	
56.840249	
56.984807	
57.264807	
57.288526	
57.456077	
57.521293	
57.555805	
57.788118	
57.819955	
57.837302	
58.095147	
58.211519	
58.289093	
58.362880	
58.389546	
58.492880	
58.590816	
58.647891	
58.671134	
58.801859	
58.926440	
59.139955	
59.199478	
59.222449	
59.478231	
59.509433	
59.780952	
60.056689	
60.080045	
60.332041	
60.353333	
60.621678	
60.911088	
60.938980	
61.194036	
61.218866	
61.473991	
61.497256	
61.647166	
61.753061	
61.776576	
61.985533	
62.020340	
62.045669	
62.210612	
62.310045	
62.330975	
62.595306	
62.623243	
62.872948	
62.900000	
63.169184	
63.192018	
63.459342	
63.481497	
63.737574	
63.758299	
63.954331	
64.016621	
64.034218	
64.150771	
64.209705	
64.243741	
64.272562	
64.298889	
64.540408	
64.564195	
64.589093	
64.852517	
64.886825	
65.128957	
65.153084	
65.352177	
65.409478	
65.431701	
65.700272	
65.985941	
66.011814	
66.268526	
66.288844	
66.515601	
66.538639	
66.567256	
66.833333	
66.854376	
67.081995	
67.104535	
67.138617	
67.400839	
67.433197	
67.626984	
67.682540	
67.706825	
67.969932	
67.991406	
68.167937	
68.201156	
68.243379	
68.277098	
68.482154	
68.497982	
68.526372	
68.549955	
68.802290	
68.829524	
69.061565	
69.101791	
69.375102	
69.665941	
69.688776	
69.960907	
69.980907	
70.112585	
70.163900	
70.180159	
70.252109	
70.523741	
70.803605	
70.825986	
70.985510	
71.039093	
71.090363	
71.121202	
71.390136	
71.638390	
71.680091	
71.703061	
71.956757	
71.976689	
72.224989	
72.247029	
72.496213	
72.521179	
72.740703	
72.802880	
72.831701	
73.064240	
73.086939	
73.368571	
73.390522	
73.653719	
73.672608	
73.950091	
73.971474	
74.228639	
74.260340	
74.506009	
74.525850	
74.712063	
74.817120	
75.083197	
75.103764	
75.365170	
75.398345	
75.649615	
75.668458	
75.961179	
76.172336	
76.215578	
76.241723	
76.510136	
76.782585	
76.990317	
77.088254	
77.282993	
77.340907	
77.605306	
77.638367	
77.902404	
77.928934	
78.213039	
78.232426	
78.506780	
78.785057	
78.809252	
79.075510	
79.091723	
79.368912	
79.545442	
79.626803	
79.647324	
79.893537	
79.916417	
79.933084	
80.217574	
80.448821	
80.499070	
80.781859	
80.800726	
81.058639	
81.076395	
81.346281	
81.369796	
81.617506	
81.638027	
81.893311	
81.912698	
82.176735	
82.207302	
82.323129	
82.465760	
82.703605	
82.736893	
82.767347	
83.039660	
83.312562	
83.341769	
83.603401	
83.624399	
83.858186	
83.881950	
83.901043	
84.178186	
84.206735	
84.450998	
84.482971	
84.700907	
84.747823	
85.028503	
85.304580	
85.576100	
85.599478	
85.767007	
85.823764	
85.845714	
85.879093	
86.134535	
86.403515	
86.432222	
86.522472	
86.589977	
86.678390	
86.712608	
86.971995	
86.997302	
87.248957	
87.269070	
87.532245	
87.556576	
87.640317	
87.823084	
87.853878	
88.101474	
88.123968	
88.269773	
88.303016	
88.398503	
88.417460	
88.659048	
88.692086	
88.857483	
88.965215	
89.128866	
89.153878	
89.174943	
89.229342	
89.255828	
89.331814	
89.462698	
89.535805	
89.554444	
89.814467	
90.099592	
90.133243	
90.382902	
90.402336	
90.588798	
90.692336	
90.902358	
90.950181	
91.154014	
91.214286	
91.248912	
91.531655	
91.843197	
92.101519	
92.403061	
92.717755	
93.002676	
93.268549	
93.290703	
93.570771	
93.591950	
93.850204	
94.139841	
94.385556	
94.422971	
94.708957	
94.906893	
94.930952	
94.974263	
94.995465	
95.284036	
95.539456	
95.757800	
95.824671	
95.885964	
96.088322	
96.384989	
96.409048	
96.561950	
96.669955	
96.702812	
96.832789	
96.948458	
96.971791	
97.128594	
97.233152	
97.259637	
97.319184	
97.522834	
97.544875	
97.801973	
97.825624	
98.105624	
98.378549	
98.405306	
98.677914	
98.695079	
98.957370	
99.248481	
99.270794	
99.519932	
99.544580	
99.693537	
99.821746	
99.844195	
100.103243	
100.125238	
100.386054	
100.407800	
100.593129	
100.617506	
100.665488	
100.687438	
100.808503	
100.959864	
100.984127	
101.237800	
101.516871	
101.539093	
101.807166	
101.827687	
101.942154	
102.097460	
102.242857	
102.394240	
102.412971	
102.670363	
102.694263	
102.857710	
102.922358	
102.951746	
103.217483	
103.239184	
103.404490	
103.508254	
103.529002	
103.694059	
103.763152	
103.798254	
103.814898	
103.981973	
104.017528	
104.064921	
104.089048	
104.348209	
104.540522	
104.586871	
104.627868	
104.644308	
104.811542	
104.848254	
104.896190	
104.918095	
105.180567	
105.203583	
105.342381	
105.459955	
105.480748	
105.750952	
106.022041	
106.044376	
106.300385	
106.322268	
106.573016	
106.590907	
106.864172	
106.886327	
107.143152	
107.174218	
107.425714	
107.453061	
107.715964	
107.741474	
108.000975	
108.022880	
108.292222	
108.319569	
108.570295	
108.592902	
108.778639	
108.848526	
108.870408	
109.046644	
109.133311	
109.158639	
109.266259	
109.408277	
109.436395	
109.685057	
109.708707	
109.985760	
110.005306	
110.259524	
110.292766	
110.335465	
110.538435	
110.559728	
110.828186	
111.107891	
111.396032	
111.583016	
111.674898	
111.695850	
111.824580	
111.913016	
111.942517	
111.973741	
112.245918	
112.266916	
112.535215	
112.556145	
112.802902	
112.825306	
113.084626	
113.109705	
113.364989	
113.634921	
113.658571	
113.904785	
113.928685	
114.189569	
114.212517	
114.312880	
114.334354	
114.479569	
114.498934	
114.742177	
114.778662	
114.886780	
115.048186	
115.071769	
115.326644	
115.349433	
115.637211	
115.913401	
115.935420	
116.202109	
116.476553	
116.495714	
116.739864	
116.761338	
117.052789	
117.250907	
117.335624	
117.353696	
117.603129	
117.625420	
117.887211	
117.906553	
118.141882	
118.174785	
118.210658	
118.305782	
118.360136	
118.455986	
118.475193	
118.746417	
118.769048	
119.026032	
119.321973	
119.598254	
119.866893	
119.900544	
120.180272	
120.441111	
120.474286	
120.568095	
120.699093	
120.737778	
120.759569	
120.864308	
121.006757	
121.031678	
121.301678	
121.573628	
121.684082	
121.828912	
121.852132	
121.893129	
122.045193	
122.137959	
122.426395	
122.552018	
122.652154	
122.688209	
122.710000	
122.922993	
122.992313	
123.252721	
123.281202	
123.504218	
123.556576	
123.807959	
123.834512	
124.103991	
124.125329	
124.371497	
124.389116	
124.507120	
124.677143	
124.940385	
124.960159	
125.234626	
125.256621	
125.513673	
125.532721	
125.799751	
126.080590	
126.111293	
126.362109	
126.384399	
126.634898	
126.653447	
126.940113	
127.187528	
127.215692	
127.248549	
127.360726	
127.443923	
127.488163	
127.511202	
127.645057	
127.711315	
127.790204	
127.847528	
128.068617	
128.346576	
128.368957	
128.464875	
128.623311	
128.641179	
128.898912	
128.921202	
129.208639	
129.456871	
129.488209	
129.743175	
129.775374	
129.874036	
129.900748	
130.020227	
130.054875	
130.139977	
130.194263	
130.232721	
130.322041	
130.518707	
130.592449	
130.873288	
131.101701	
131.134807	
131.156349	
131.445782	
131.652676	
131.696825	
131.716032	
131.917982	
131.947302	
131.982358	
131.995624	
132.194739	
132.279002	
132.387370	
132.475170	
132.568730	
132.852880	
133.142698	
133.421859	
133.443243	
133.718345	
133.744376	
134.003560	
134.032449	
134.280136	
134.301451	
134.439478	
134.548934	
134.579841	
134.715057	
134.798458	
134.835918	
135.113991	
135.137528	
135.401859	
135.422789	
135.635442	
135.668299	
135.690703	
135.917279	
135.964807	
135.987891	
136.241020	
136.262562	
136.509660	
136.535737	
136.711587	
136.769229	
136.799184	
137.000590	
137.050635	
137.066349	
137.349637	
137.371519	
137.505828	
137.615057	
137.772562	
137.809524	
137.861995	
137.890590	
138.164150	
138.180272	
138.448503	
138.470635	
138.665624	
138.722132	
138.743129	
138.895125	
138.994535	
139.012585	
139.126553	
139.292494	
139.474898	
139.546349	
139.572540	
139.827710	
139.850023	
140.086621	
140.112948	
140.246916	
140.306871	
140.366395	
140.398549	
140.633311	
140.815533	
140.843946	
140.895261	
140.914830	
140.995646	
141.036780	
141.117868	
141.160544	
141.188571	
141.322653	
141.351293	
141.450612	
141.635805	
141.735147	
142.012857	
142.043583	
142.302630	
142.335964	
142.571995	
142.593946	
142.614762	
142.877732	
142.899456	
143.154853	
143.179025	
143.295601	
143.359048	
143.421587	
143.442200	
143.650385	
143.678821	
143.696304	
143.716259	
143.986712	
144.010590	
144.266372	
144.297506	
144.544082	
144.569546	
144.716054	
144.792789	
144.823878	
144.843175	
145.104694	
145.131587	
145.394263	
145.414286	
145.565646	
145.635465	
145.673719	
145.692766	
145.943605	
146.225964	
146.245238	
146.511338	
146.531293	
146.775057	
146.800680	
147.082404	
147.327755	
147.351723	
147.604467	
147.631995	
147.850862	
147.886780	
147.904898	
148.071882	
148.189819	
148.384263	
148.469592	
148.712132	
148.741610	
148.958186	
149.019184	
149.041746	
149.270385	
149.299546	
149.557551	
149.589274	
149.804059	
149.831927	
149.855102	
150.000363	
150.110431	
150.143424	
150.398345	
150.416803	
150.668254	
150.692154	
150.935057	
150.959365	
151.129433	
151.227438	
151.505669	
151.752608	
151.783492	
151.956939	
152.007528	
152.057891	
152.090454	
152.331474	
152.440771	
152.566100	
152.590159	
152.631066	
152.878413	
152.894603	
153.156893	
153.185215	
153.395556	
153.416281	
153.448889	
153.564898	
153.654286	
153.704014	
153.727143	
153.977188	
153.998526	
154.161723	
154.213356	
154.253197	
154.277120	
154.516032	
154.535442	
154.821655	
155.057370	
155.085533	
155.364376	
155.394989	
155.617959	
155.638209	
155.879297	
155.921451	
155.940227	
156.163855	
156.183356	
156.438458	
156.473447	
156.756961	
157.036825	
157.053923	
157.263878	
157.309342	
157.332177	
157.576145	
157.603605	
157.838776	
157.863946	
158.084739	
158.122857	
158.145329	
158.300658	
158.400136	
158.419025	
158.666304	
158.684535	
158.703810	
158.957075	
158.980136	
159.180658	
159.244603	
159.453311	
159.502698	
159.520544	
159.775578	
159.796961	
160.069773	
160.333696	
160.353288	
160.605669	
160.624150	
160.847460	
160.890816	
160.917778	
161.006417	
161.078209	
161.186553	
161.212222	
161.417619	
161.460045	
161.484376	
161.738141	
161.765533	
162.021882	
162.048753	
162.298798	
162.508277	
162.578707	
162.778005	
162.841587	
162.866077	
163.013061	
163.126168	
163.148912	
163.324150	
163.375669	
163.396168	
163.669070	
163.902018	
163.938186	
164.117528	
164.204966	
164.228163	
164.439546	
164.472449	
164.491882	
164.750680	
164.772358	
164.965147	
165.018413	
165.032449	
165.212313	
165.247347	
165.302336	
165.524286	
165.545986	
165.565692	
165.834649	
166.098367	
166.124331	
166.365714	
166.391633	
166.619274	
166.636621	
166.656213	
166.929342	
167.180726	
167.200862	
167.286667	
167.356644	
167.426395	
167.479048	
167.503968	
167.749138	
167.780272	
168.043039	
168.289229	
168.337120	
168.410204	
168.481678	
168.553265	
168.575873	
168.861995	
169.087687	
169.133447	
169.314921	
169.378209	
169.488163	
169.522744	
169.615420	
169.663152	
169.869819	
169.904308	
169.930454	
170.143356	
170.226032	
170.482925	
170.512200	
170.754422	
170.776417	
171.014331	
171.032381	
171.276712	
171.302177	
171.549410	
171.570454	
171.745986	
171.804036	
171.836259	
172.082358	
172.115714	
172.233424	
172.331927	
172.370045	
172.599887	
172.622517	
172.656599	
172.831179	
172.913084	
173.069478	
173.190839	
173.206508	
173.307166	
173.453991	
173.477506	
173.719751	
173.742290	
173.994263	
174.014240	
174.258299	
174.277914	
174.526576	
174.800181	
175.067029	
175.251814	
175.329138	
175.575828	
175.606440	
175.626009	
175.828730	
175.862517	
175.887029	
175.974558	
176.069229	
176.132358	
176.157188	
176.407256	
176.429048	
176.692222	
176.939184	
176.961973	
177.213900	
177.246440	
177.476485	
177.501565	
177.765057	
177.784354	
178.026395	
178.058503	
178.305964	
178.338050	
178.573333	
178.598277	
178.846077	
179.123855	
179.156304	
179.373356	
179.395896	
179.638186	
179.679116	
179.942109	
179.965374	
180.196848	
180.225533	
180.434649	
180.458639	
180.479592	
180.499977	
180.732789	
180.766508	
180.952109	
180.985442	
181.014354	
181.037551	
181.277188	
181.314014	
181.544218	
181.579116	
181.678503	
181.834603	
182.049252	
182.105034	
182.135533	
182.331247	
182.369161	
182.393810	
182.573810	
182.638027	
182.670408	
182.921565	
183.194150	
183.365918	
183.436803	
183.469569	
183.683469	
183.704717	
183.725986	
183.871179	
183.979206	
184.011361	
184.212041	
184.263878	
184.523265	
184.540816	
184.761587	
184.789433	
185.038821	
185.074308	
185.302948	
185.340272	
185.607710	
185.694580	
185.871655	
185.910068	
185.931497	
186.049456	
186.170000	
186.306871	
186.456825	
186.709705	
186.988639	
187.274104	
187.296939	
187.547937	
187.576712	
187.844490	
188.141723	
188.448844	
188.691338	
188.714535	
188.962630	
189.218730	
189.264943	
189.534059	
189.656395	
189.817370	
190.046054	
190.078367	
190.311927	
190.332812	
190.391293	
190.615510	
190.636508	
190.680839	
190.695465	
190.866667	
190.949683	
191.217664	
191.308617	
191.338662	
191.514626	
191.760635	
192.062585	
192.343810	
192.579887	
192.619864	
192.700544	
192.887868	
193.163152	
193.417166	
193.641315	
193.715329	
194.036599	
194.275737	
194.524717	
194.844671	
195.050590	
195.384399	
195.615351	
195.644785	
195.767642	
195.797438	
195.958186	
196.530680	
197.027438	
197.061202	
197.085782	
197.340658	
197.620023	
197.868254	
197.979683	
198.014422	
198.159320	
198.184535	
198.405601	
198.730522	
199.017302	
199.301519	
199.320159	
199.644376	
199.823311	
199.867574	
200.082494	
200.113560	
200.190454	
200.215669	
200.242041	
200.260567	
200.405306	
200.666871	
200.831406	
200.886916	
200.957324	
201.212517	
201.349592	
201.388073	
201.507732	
201.770408	
202.055510	
202.269501	
202.308322	
202.415057	
202.528390	
202.547619	
202.568345	
202.603991	
202.675420	
202.738889	
203.056508	
203.117506	
203.215125	
204.346531	
204.544490	
204.604263	
204.631701	
204.833583	
204.861247	
204.895805	
204.945011	
204.975714	
205.006145	
205.118503	
205.180159	
205.321587	
205.453560	
205.480385	
205.558481	
205.837959	
206.356916	
206.673469	
206.811202	
206.897732	
206.935714	
207.141202	
207.234762	
207.353878	
207.524172	
207.624195	
207.801859	
207.881814	
208.035442	
208.253719	
208.309184	
208.356961	
208.386553	
208.520363	
208.550748	
209.158118	
209.430748	
209.470907	
209.525510	
209.850408	
209.953878	
210.047710	
210.174014	
210.284921	
210.433129	
210.481519	
210.655238	
210.752902	
210.803764	
210.882834	
211.048254	
211.338503	
211.605238	
211.691587	
211.830249	
211.895351	
211.995102	
212.106281	
212.158209	
212.199615	
212.252993	
212.283129	
212.374104	
212.459002	
212.581746	
212.608390	
212.633900	
212.797188	
213.602222	
213.719138	
213.762971	
213.778095	
213.811769	
213.985442	
214.082404	
214.126553	
214.238980	
214.561043	
214.613878	
214.649342	
214.684467	
214.854535	
215.093084	
215.145986	
215.601043	
215.737256	
215.933946	
216.041134	
216.103900	
216.299093	
216.560952	
216.576961	
216.713560	
216.814853	
216.866599	
217.161678	
217.245034	
217.283311	
217.453379	
217.720340	
217.968458	
218.036576	
218.342630	
218.544785	
218.865102	
219.114104	
219.406077	
219.639546	
219.670204	
219.947279	
220.157007	
220.193878	
220.225215	
220.451565	
220.497029	
220.707914	
220.731769	
220.754580	
221.010295	
221.030703	
221.295533	
221.370590	
221.578435	
221.841383	
222.121882	
222.396463	
222.618299	
222.686395	
222.922698	
222.949660	
223.208209	
223.477528	
223.771633	
224.047778	
224.338571	
224.582971	
224.759751	
224.786122	
224.879728	
225.076576	
225.130340	
225.157143	
225.230590	
225.269456	
225.416077	
225.681111	
225.702063	
225.813447	
225.978141	
226.237120	
226.275488	
226.531451	
226.694966	
226.789501	
226.899093	
226.939206	
226.974104	
227.075737	
227.340317	
227.369819	
227.455556	
227.496916	
227.637120	
227.893878	
227.930136	
228.182789	
228.318503	
228.441565	
228.465170	
228.596599	
228.738390	
229.001134	
229.237234	
229.269365	
229.463605	
229.523832	
229.547551	
229.802154	
229.823537	
230.073923	
230.209388	
230.281814	
230.300975	
230.379592	
230.623787	
230.656984	
230.764853	
230.870340	
230.911179	
230.932630	
231.206825	
231.487664	
231.509184	
231.747506	
231.768141	
231.881043	
231.921474	
231.963878	
231.988662	
232.059297	
232.085805	
232.309229	
232.396417	
232.454104	
232.628073	
232.871474	
232.895646	
233.159252	
233.421043	
233.635782	
233.703946	
233.954218	
233.977937	
234.237052	
234.369365	
234.480567	
234.512154	
234.716395	
234.796032	
235.032585	
235.064308	
235.309955	
235.326100	
235.590091	
235.885578	
235.906190	
236.157619	
236.173832	
236.286644	
236.413923	
236.564898	
236.681587	
236.961429	
237.179546	
237.224603	
237.513605	
237.752177	
237.771497	
237.894354	
238.053152	
238.191406	
238.307143	
238.531134	
238.571995	
238.595624	
238.845692	
238.877846	
239.123492	
239.155329	
239.402880	
239.435193	
239.704422	
239.782517	
239.990340	
240.280045	
240.531474	
240.566621	
240.801905	
240.825828	
241.038957	
241.077029	
241.105397	
241.378095	
241.677256	
241.950590	
242.129887	
242.170159	
242.208118	
242.230884	
242.426893	
242.448413	
242.480658	
242.499660	
242.648980	
242.746825	
242.776213	
243.014558	
243.047392	
243.163946	
243.256780	
243.284127	
243.310068	
243.553764	
243.571156	
243.847279	
243.870839	
244.110862	
244.135782	
244.383197	
244.405556	
244.579206	
244.668866	
244.934649	
244.968073	
245.201587	
245.224444	
245.352698	
245.474694	
245.496916	
245.630884	
245.747755	
245.767687	
246.031769	
246.252063	
246.326100	
246.426145	
246.529932	
246.572200	
246.600907	
246.869501	
247.012766	
247.132154	
247.157596	
247.374626	
247.395374	
247.420340	
247.674649	
247.693696	
247.886553	
247.961474	
248.232449	
248.488481	
248.514739	
248.662472	
248.736916	
248.771429	
248.785986	
249.051247	
249.068277	
249.289365	
249.308980	
249.338322	
249.564966	
249.605692	
249.780907	
249.858639	
249.885261	
250.013265	
250.159433	
250.175850	
250.429615	
250.453968	
250.706009	
250.947846	
250.966440	
251.212766	
251.277415	
251.518299	
251.549751	
251.763855	
251.791837	
251.818776	
252.062925	
252.338934	
252.603741	
252.623878	
252.893356	
253.167483	
253.441043	
253.459410	
253.702313	
253.724875	
253.979206	
254.240952	
254.531134	
254.550975	
254.792676	
255.059932	
255.082925	
255.259819	
255.349456	
255.565578	
255.612358	
255.800408	
255.874739	
256.079342	
256.142132	
256.328957	
257.665556	
258.712336	
258.847846	
259.017914	
259.060499	
259.200884	
259.248594	
259.313515	
259.347188	
259.415692	
259.452472	
259.541111	
259.591587	
259.625760	
260.083900	
260.309569	
