0.135510
0.425828	
0.559478	
0.688866	
0.785578	
0.831565	
0.972245	
1.051973	
1.115374	
1.130385	
1.399728	
1.762517	
1.804331	
1.820544	
2.584195	
2.909138	
2.925170	
3.095011	
3.159705	
3.407755	
3.568526	
3.664580	
3.752086	
4.104875	
4.215782	
4.338027	
4.622902	
4.771293	
4.813923	
4.845941	
4.913583	
4.929206	
5.195850	
5.212585	
5.378299	
5.514286	
5.653197	
5.793651	
5.808594	
6.093968	
6.106893	
6.289456	
6.395057	
6.552948	
6.695805	
6.985351	
7.084308	
7.259297	
7.541927	
7.654104	
7.719410	
7.767891	
7.841814	
8.124467	
8.392744	
8.436780	
8.554739	
8.575737	
8.597846	
8.614263	
8.714308	
8.815918	
8.829615	
8.991111	
9.198186	
9.226281	
9.268980	
9.401655	
9.544467	
9.740454	
9.762472	
9.835828	
10.023197	
10.051429	
10.135556	
10.436009	
10.621247	
10.644444	
10.711565	
10.831723	
10.878526	
10.891791	
11.000635	
11.103923	
11.148390	
11.307755	
11.580635	
11.757324	
11.861723	
12.018163	
12.144399	
12.340249	
12.440181	
12.616757	
12.725918	
12.853605	
13.009524	
13.185556	
13.227075	
13.299615	
13.461927	
13.476735	
13.596304	
13.766553	
13.855669	
14.079025	
14.141995	
14.246440	
14.416122	
14.713311	
14.992993	
15.263152	
15.304921	
15.451066	
15.472857	
15.513741	
15.577687	
15.600181	
15.753039	
15.768322	
15.885034	
16.003855	
16.057664	
16.159887	
16.173220	
16.334444	
16.385283	
16.465442	
16.678549	
16.734626	
16.920952	
17.016417	
17.213605	
17.325397	
17.483016	
17.505261	
17.604467	
17.891746	
18.055828	
18.080658	
18.174762	
18.368549	
18.392222	
18.450000	
18.586145	
18.610975	
18.626145	
18.739229	
18.751497	
18.897279	
18.951723	
18.974082	
19.022200	
19.207483	
19.254785	
19.319478	
19.332404	
19.529410	
19.594240	
19.747460	
19.835850	
19.884739	
20.014989	
20.034785	
20.181315	
20.346757	
20.360204	
20.473016	
20.751678	
20.943084	
21.036871	
21.166984	
21.308571	
21.444830	
21.603810	
21.755170	
21.893061	
22.014785	
22.189320	
22.302608	
22.380975	
22.456417	
22.660159	
22.685692	
22.738912	
22.947687	
23.007800	
23.126735	
23.220612	
23.275964	
23.289274	
23.472902	
23.496508	
23.550544	
23.563968	
23.680952	
23.748027	
23.770136	
23.854649	
24.137347	
24.344127	
24.426757	
24.626961	
24.723152	
24.912812	
24.964603	
25.030136	
25.165079	
25.180385	
25.308571	
25.499342	
25.593855	
25.800975	
25.855329	
26.011746	
26.165442	
26.449977	
26.584422	
26.606621	
26.653447	
26.723333	
27.013923	
27.169252	
27.216440	
27.237914	
27.297347	
27.506984	
27.582630	
27.776689	
27.790408	
27.861587	
28.077007	
28.134467	
28.146644	
28.284104	
28.342154	
28.411179	
28.655102	
28.703333	
28.802154	
28.856077	
28.908322	
28.934943	
28.997687	
29.040975	
29.199206	
29.215011	
29.276757	
29.298980	
29.463243	
29.555896	
29.836916	
30.005488	
30.030249	
30.053878	
30.119660	
30.233084	
30.288390	
30.316531	
30.387347	
30.402880	
30.532562	
30.632630	
30.685442	
30.892993	
30.965692	
31.102971	
31.117551	
31.147392	
31.161406	
31.243741	
31.521383	
31.620884	
31.660816	
31.680522	
31.753673	
31.809932	
32.078934	
32.091406	
32.311542	
32.367052	
32.523379	
32.630159	
32.798367	
32.812472	
32.933288	
33.080952	
33.147506	
33.214853	
33.388753	
33.497370	
33.719569	
33.778435	
33.995488	
34.091224	
34.229569	
34.290522	
34.310658	
34.373333	
34.575147	
34.652925	
34.877415	
34.933197	
35.250862	
35.519365	
35.656259	
35.798980	
35.960522	
36.091769	
36.292063	
36.312449	
36.374807	
36.650771	
36.665692	
36.808980	
36.862336	
36.935578	
37.207664	
37.224104	
37.318322	
37.492494	
37.648254	
37.694444	
37.725737	
37.769887	
37.985147	
38.055964	
38.189955	
38.205465	
38.238753	
38.261066	
38.346599	
38.472494	
38.495714	
38.535692	
38.617823	
38.897188	
39.176916	
39.191224	
39.333515	
39.466440	
39.642018	
39.663696	
39.756259	
39.890748	
39.916372	
40.034626	
40.175828	
40.191474	
40.304036	
40.499410	
40.533583	
40.566032	
40.588186	
40.602290	
40.863787	
41.143243	
41.310113	
41.423628	
41.437687	
41.627120	
41.667551	
41.716916	
41.729410	
41.883673	
41.904875	
41.925624	
42.022653	
42.290204	
42.303991	
42.442517	
42.526304	
42.580522	
42.726712	
42.779615	
42.851474	
43.046553	
43.140363	
43.438753	
43.624172	
43.720771	
43.882948	
43.931587	
43.996395	
44.214490	
44.285420	
44.563537	
44.577982	
44.712698	
44.842971	
44.856667	
45.043583	
45.128912	
45.141542	
45.417143	
45.557211	
45.575805	
45.615125	
45.636712	
45.683039	
45.862857	
45.937392	
45.990884	
46.005692	
46.202472	
46.259388	
46.273923	
46.548050	
46.831066	
47.037143	
47.115079	
47.277914	
47.294626	
47.409705	
47.422245	
47.710590	
47.839841	
47.854195	
47.991633	
48.071723	
48.099342	
48.123061	
48.255896	
48.442290	
48.527483	
48.542540	
48.751633	
48.818980	
49.047188	
49.318367	
49.370272	
49.597234	
49.650748	
49.664535	
49.794082	
49.934603	
49.947347	
50.133061	
50.209025	
50.337823	
50.499433	
50.778231	
50.980839	
51.082993	
51.281270	
51.339773	
51.353515	
51.589093	
51.603061	
51.656508	
51.860816	
51.928571	
52.158526	
52.210363	
52.357959	
52.493515	
52.778526	
52.954308	
52.981179	
53.052426	
53.066349	
53.267370	
53.345692	
53.552562	
53.625941	
53.831451	
53.905918	
54.187029	
54.415238	
54.471950	
54.673741	
54.754694	
54.867687	
54.881995	
55.035283	
55.164921	
55.206417	
55.300091	
55.535941	
55.584989	
55.696009	
55.862222	
55.875057	
55.953832	
55.969184	
56.017937	
56.038209	
56.149320	
56.350136	
56.441882	
56.455737	
56.579728	
56.634376	
56.717937	
56.730385	
56.845283	
57.006893	
57.292902	
57.499025	
57.527574	
57.572109	
57.697438	
57.795011	
57.847166	
58.117755	
58.216440	
58.310544	
58.391474	
58.406100	
58.459093	
58.516417	
58.596009	
58.675261	
58.690499	
58.805283	
58.825170	
58.953832	
59.162063	
59.226576	
59.241156	
59.509025	
59.801769	
59.901678	
59.932948	
59.994059	
60.015215	
60.087007	
60.358571	
60.373356	
60.489546	
60.556463	
60.647188	
60.834172	
60.849683	
60.938390	
61.124694	
61.146939	
61.221723	
61.234649	
61.425397	
61.447347	
61.501995	
61.517778	
61.652449	
61.782834	
61.795079	
62.049456	
62.065125	
62.222744	
62.340567	
62.550295	
62.641134	
62.900726	
62.914014	
63.104127	
63.143583	
63.197052	
63.209637	
63.368889	
63.486463	
63.498526	
63.688617	
63.763243	
63.776259	
63.959841	
63.972880	
64.044104	
64.175442	
64.238957	
64.299456	
64.314875	
64.591247	
64.605488	
64.859683	
64.878912	
64.892472	
65.042993	
65.108345	
65.154785	
65.168617	
65.247256	
65.303583	
65.373016	
65.435601	
65.452653	
65.728073	
65.918005	
66.015420	
66.029683	
66.296281	
66.570181	
66.584694	
66.777823	
66.875034	
67.106689	
67.132834	
67.146281	
67.348912	
67.429025	
67.441973	
67.578821	
67.599751	
67.655125	
67.710340	
67.723991	
67.997914	
68.173084	
68.193991	
68.291565	
68.412426	
68.552721	
68.832018	
68.845805	
69.043356	
69.065986	
69.120023	
69.310068	
69.398730	
69.556576	
69.693719	
69.877370	
69.986599	
70.119002	
70.133107	
70.165397	
70.184649	
70.277007	
70.547982	
70.767234	
70.832177	
71.010726	
71.050816	
71.119773	
71.290408	
71.309252	
71.418639	
71.603379	
71.617778	
71.641995	
71.707891	
71.721542	
71.896825	
71.986553	
72.252222	
72.548798	
72.758027	
72.833107	
72.848277	
73.111927	
73.283039	
73.333084	
73.395193	
73.557664	
73.691542	
73.975896	
74.184717	
74.256009	
74.405079	
74.427166	
74.450204	
74.473991	
74.530930	
74.717075	
74.731973	
74.831927	
75.111610	
75.254036	
75.293946	
75.394989	
75.411791	
75.678413	
75.897279	
75.982653	
76.179637	
76.259388	
76.490340	
76.539342	
76.714240	
76.808957	
76.996576	
77.009819	
77.109456	
77.302132	
77.365533	
77.660952	
77.929274	
78.120590	
78.240068	
78.531769	
78.760816	
78.814127	
78.828209	
79.112109	
79.389388	
79.550000	
79.590499	
79.669093	
79.811429	
79.893152	
79.940340	
79.953311	
80.239297	
80.418141	
80.456644	
80.521723	
80.806508	
80.966984	
81.082902	
81.233333	
81.289478	
81.374671	
81.387551	
81.529229	
81.646259	
81.927392	
82.078367	
82.224308	
82.371020	
82.408866	
82.491066	
82.669297	
82.710000	
82.727642	
82.793379	
82.891519	
82.917823	
82.945873	
82.973107	
83.064580	
83.216236	
83.341587	
83.355329	
83.564830	
83.629705	
83.819932	
83.840884	
83.919841	
84.206576	
84.478912	
84.611678	
84.675034	
84.770091	
85.047732	
85.206961	
85.326259	
85.546508	
85.601633	
85.790385	
85.876576	
86.162018	
86.433673	
86.541973	
86.591406	
86.707166	
86.880227	
86.996984	
87.213968	
87.286939	
87.559252	
87.646667	
87.851587	
88.128980	
88.275306	
88.296508	
88.432948	
88.685079	
88.863424	
88.877778	
88.988186	
89.131791	
89.158141	
89.178844	
89.199410	
89.257438	
89.469184	
89.573356	
89.837188	
89.973764	
90.000726	
90.014172	
90.132698	
90.411111	
90.593696	
90.607279	
90.714399	
90.917007	
90.974785	
91.101837	
91.160159	
91.217687	
91.274422	
91.469342	
91.491429	
91.508776	
91.554898	
91.670408	
91.690272	
91.736893	
91.861655	
92.042086	
92.064422	
92.124966	
92.281746	
92.338617	
92.426463	
92.627982	
92.655238	
92.741723	
93.028526	
93.296327	
93.473900	
93.497415	
93.596848	
93.781927	
93.876939	
94.114263	
94.165873	
94.405533	
94.429751	
94.633401	
94.736349	
94.946803	
95.019138	
95.172109	
95.211542	
95.258730	
95.308844	
95.498730	
95.510884	
95.565850	
95.759025	
95.841270	
95.884739	
96.109048	
96.241519	
96.259637	
96.343265	
96.413832	
96.429932	
96.566803	
96.581995	
96.696304	
96.719365	
96.839297	
96.853243	
96.976417	
96.994694	
97.135329	
97.149206	
97.262902	
97.282630	
97.311882	
97.333651	
97.467324	
97.552472	
97.566757	
97.783356	
97.829116	
97.844921	
97.959410	
98.036848	
98.049388	
98.123447	
98.300726	
98.317846	
98.407460	
98.420091	
98.605805	
98.703084	
98.881859	
98.900227	
98.980952	
99.150023	
99.277392	
99.289977	
99.437324	
99.491791	
99.548095	
99.563061	
99.701769	
99.850658	
100.131020	
100.144580	
100.415306	
100.691293	
100.812132	
100.923605	
100.986463	
101.259048	
101.434490	
101.490068	
101.544331	
101.749048	
101.833696	
101.947574	
101.961746	
102.077188	
102.122290	
102.246417	
102.374286	
102.420748	
102.595737	
102.636735	
102.698231	
102.952245	
102.964603	
103.147120	
103.243175	
103.411179	
103.424036	
103.535057	
103.700204	
103.822290	
104.093175	
104.108526	
104.305261	
104.373039	
104.489070	
104.542676	
104.588844	
104.651066	
104.870317	
104.922494	
105.130023	
105.207732	
105.222880	
105.348367	
105.363968	
105.422063	
105.485873	
105.773878	
105.978889	
106.050703	
106.327188	
106.528753	
106.611224	
106.890091	
107.103651	
107.172336	
107.186893	
107.383832	
107.454014	
107.468141	
107.743855	
107.759569	
107.943764	
108.028163	
108.320635	
108.598458	
108.783265	
108.877438	
109.052721	
109.066803	
109.160227	
109.274150	
109.436100	
109.713424	
109.726803	
109.925442	
110.013923	
110.285760	
110.337755	
110.565578	
110.785147	
110.853515	
110.994376	
111.010204	
111.133492	
111.342925	
111.417800	
111.589161	
111.699841	
111.846190	
111.971020	
112.184898	
112.275510	
112.562177	
112.736213	
112.829751	
113.113764	
113.387755	
113.662744	
113.675147	
113.867778	
113.947528	
114.216984	
114.231791	
114.317211	
114.337800	
114.354059	
114.449546	
114.521202	
114.621950	
114.639592	
114.781678	
114.796599	
114.908662	
115.077052	
115.091497	
115.237937	
115.303243	
115.355420	
115.369116	
115.545782	
115.660091	
115.808639	
115.941746	
116.105646	
116.226939	
116.387302	
116.433787	
116.505306	
116.712676	
116.790113	
117.076440	
117.209864	
117.232494	
117.271587	
117.362857	
117.546848	
117.630454	
117.827914	
117.855737	
117.916145	
118.200612	
118.323288	
118.365306	
118.485714	
118.708413	
118.772540	
118.906054	
118.969388	
119.056871	
119.221451	
119.261111	
119.343628	
119.503628	
119.546054	
119.563129	
119.629615	
119.895850	
119.910930	
120.089138	
120.113311	
120.201270	
120.362268	
120.410998	
120.469456	
120.487846	
120.572880	
120.591429	
120.763878	
120.871837	
121.034989	
121.194966	
121.322902	
121.434082	
121.463107	
121.514172	
121.535850	
121.550000	
121.596417	
121.704104	
121.856803	
121.912721	
122.062698	
122.165828	
122.450499	
122.583764	
122.666916	
122.715397	
122.932948	
123.013832	
123.224263	
123.284240	
123.297120	
123.451542	
123.469501	
123.507551	
123.521610	
123.576644	
123.838685	
123.853061	
124.014127	
124.031111	
124.135034	
124.411043	
124.513787	
124.606032	
124.697710	
124.981066	
125.147868	
125.259615	
125.273764	
125.539977	
125.552109	
125.825941	
125.938141	
126.108163	
126.122245	
126.265873	
126.289592	
126.321179	
126.388821	
126.661542	
126.957324	
127.138957	
127.242063	
127.364649	
127.516168	
127.529070	
127.648345	
127.715964	
127.728821	
127.813787	
127.977982	
128.093288	
128.371950	
128.469751	
128.552404	
128.648526	
128.849909	
128.926032	
129.064172	
129.093991	
129.125714	
129.140839	
129.227891	
129.492449	
129.504671	
129.775578	
129.790658	
129.924853	
130.061020	
130.139773	
130.196667	
130.236236	
130.344558	
130.532902	
130.608209	
130.898458	
130.996689	
131.010454	
131.032313	
131.135397	
131.178413	
131.261519	
131.392857	
131.464263	
131.662925	
131.721655	
131.733787	
131.925238	
132.008889	
132.196190	
132.240227	
132.301837	
132.390748	
132.403084	
132.480748	
132.495850	
132.593084	
132.872132	
133.122608	
133.166485	
133.347868	
133.447596	
133.464036	
133.761678	
134.031882	
134.197256	
134.308639	
134.458662	
134.596077	
134.733356	
134.856122	
135.139456	
135.426848	
135.601361	
135.640431	
135.695737	
135.710590	
135.840862	
135.922993	
135.938118	
135.994036	
136.266032	
136.539184	
136.552630	
136.741655	
136.771678	
136.817596	
137.020567	
137.087029	
137.266735	
137.375193	
137.485011	
137.509002	
137.526463	
137.640816	
137.780884	
137.798163	
137.822381	
137.841156	
137.869048	
137.914875	
138.192834	
138.472925	
138.686485	
138.747664	
138.911950	
139.032789	
139.126644	
139.199138	
139.246463	
139.313855	
139.414921	
139.481746	
139.575918	
139.588753	
139.853175	
140.049887	
140.116009	
140.266916	
140.326916	
140.394966	
140.581723	
140.657029	
140.847120	
140.920748	
140.995646	
141.041293	
141.058163	
141.189161	
141.202313	
141.333946	
141.351927	
141.371565	
141.411542	
141.475760	
141.603243	
141.655578	
141.755533	
141.912902	
142.041474	
142.280023	
142.329388	
142.450000	
142.534218	
142.622154	
142.811020	
142.903764	
143.181406	
143.301905	
143.380975	
143.462676	
143.680068	
143.726803	
144.013673	
144.215828	
144.298027	
144.310476	
144.571293	
144.724218	
144.799184	
144.858050	
145.136190	
145.150408	
145.272925	
145.358821	
145.420522	
145.571542	
145.585261	
145.640862	
145.699206	
145.712721	
145.826712	
145.975669	
146.251474	
146.265125	
146.407778	
146.537483	
146.801270	
146.978231	
147.008798	
147.104150	
147.359456	
147.558662	
147.578413	
147.632812	
147.647302	
147.854989	
147.915170	
148.123900	
148.216757	
148.407823	
148.493016	
148.769524	
148.928435	
148.972902	
149.047052	
149.249274	
149.328095	
149.509955	
149.592880	
149.777438	
149.874104	
150.017800	
150.136848	
150.312880	
150.331338	
150.424036	
150.695057	
150.891655	
150.964717	
151.139138	
151.170522	
151.246825	
151.522358	
151.715510	
151.763469	
151.807483	
151.972358	
152.028821	
152.097778	
152.353265	
152.453741	
152.545556	
152.573152	
152.592834	
152.646009	
152.903197	
153.188005	
153.201270	
153.339909	
153.447166	
153.585601	
153.672630	
153.732177	
153.925692	
154.004739	
154.184898	
154.222971	
154.280930	
154.294399	
154.462336	
154.559841	
154.752132	
154.843605	
155.062540	
155.110680	
155.392245	
155.674195	
155.881587	
155.949819	
156.211950	
156.449274	
156.500136	
156.782585	
157.073084	
157.269456	
157.337506	
157.606190	
157.619274	
157.866349	
157.879932	
158.038254	
158.151905	
158.163968	
158.265034	
158.307302	
158.429864	
158.569977	
158.588594	
158.723605	
158.983311	
159.145193	
159.204444	
159.265556	
159.458685	
159.526780	
159.672018	
159.818209	
160.019864	
160.089456	
160.300862	
160.362494	
160.633855	
160.853447	
160.935170	
161.007710	
161.108435	
161.213787	
161.228980	
161.394830	
161.425306	
161.489864	
161.502540	
161.710907	
161.766236	
161.943401	
162.049229	
162.222290	
162.319683	
162.424762	
162.508866	
162.531451	
162.601633	
162.782358	
162.870771	
163.030930	
163.152925	
163.342834	
163.401224	
163.688050	
163.866848	
163.908503	
163.955329	
164.122857	
164.231338	
164.500839	
164.686531	
164.777256	
164.988685	
165.045488	
165.250385	
165.321088	
165.572721	
165.783107	
165.858503	
165.962018	
166.012585	
166.141224	
166.309887	
166.332540	
166.393968	
166.407891	
166.662721	
166.674807	
166.776916	
166.952336	
167.125533	
167.213288	
167.290295	
167.370045	
167.431247	
167.507687	
167.778254	
167.988639	
168.069320	
168.308254	
168.342132	
168.434082	
168.522086	
168.581361	
168.596349	
168.798889	
168.888503	
169.154490	
169.334739	
169.400136	
169.489955	
169.512812	
169.619705	
169.639252	
169.687392	
169.870590	
169.897755	
169.956463	
170.168277	
170.247188	
170.431995	
170.512358	
170.779569	
170.992653	
171.052834	
171.152540	
171.245714	
171.305850	
171.318027	
171.575760	
171.767029	
171.832880	
172.110431	
172.238934	
172.252880	
172.384150	
172.604308	
172.628095	
172.668866	
172.837823	
172.850272	
172.937528	
173.090658	
173.215079	
173.310522	
173.481746	
173.593810	
173.691043	
173.745941	
174.019683	
174.284036	
174.478390	
174.554036	
174.760000	
174.825510	
174.918707	
175.022245	
175.093719	
175.270862	
175.355011	
175.580771	
175.633605	
175.840476	
175.890771	
175.904240	
175.989456	
176.082268	
176.161837	
176.319116	
176.365011	
176.433175	
176.640249	
176.709796	
176.878481	
176.966871	
176.979773	
177.241950	
177.255533	
177.521179	
177.803492	
177.976463	
178.057438	
178.073560	
178.235646	
178.355918	
178.617642	
178.730522	
178.874444	
179.150045	
179.321451	
179.399819	
179.545692	
179.612494	
179.698798	
179.822971	
179.865941	
179.969660	
179.981905	
180.225782	
180.400023	
180.506916	
180.739116	
180.786304	
180.958027	
181.057846	
181.254127	
181.300272	
181.318957	
181.593673	
181.680590	
181.768685	
181.861247	
182.068141	
182.149456	
182.335646	
182.399070	
182.411995	
182.589252	
182.671247	
182.684943	
182.897234	
182.948503	
183.222426	
183.394626	
183.443515	
183.483946	
183.620113	
183.687732	
183.732426	
183.902313	
184.027664	
184.282971	
184.348798	
184.437551	
184.552834	
184.714308	
184.732426	
184.761723	
184.815034	
184.975556	
185.061111	
185.077868	
185.226893	
185.359002	
185.613628	
185.627959	
185.701429	
185.715057	
185.881859	
185.934853	
186.195283	
186.481088	
186.720454	
186.774535	
186.911905	
187.009116	
187.114830	
187.299841	
187.602744	
187.868571	
188.271837	
188.466508	
188.738027	
188.970703	
189.076168	
189.101134	
189.180544	
189.224240	
189.286803	
189.544376	
189.558345	
189.631791	
189.842426	
190.050159	
190.082585	
190.260612	
190.336372	
190.398549	
190.411701	
190.642200	
190.659206	
190.702358	
190.973832	
191.242449	
191.315669	
191.362766	
191.538549	
191.780113	
192.085578	
192.354036	
192.640431	
192.704762	
192.834535	
192.910476	
193.125261	
193.183719	
193.439206	
193.463061	
193.736145	
194.043129	
194.055646	
194.100363	
194.300363	
194.497506	
194.529229	
194.545011	
194.635283	
194.654875	
194.671497	
194.865601	
195.123129	
195.138322	
195.241020	
195.409796	
195.619637	
195.664807	
195.778390	
195.821066	
195.979365	
196.165351	
196.365669	
196.546168	
196.754603	
196.877574	
196.903560	
197.107075	
197.361723	
197.559274	
197.639297	
197.875533	
197.887846	
198.036667	
198.202789	
198.376054	
198.423855	
198.468957	
198.536689	
198.551088	
198.750635	
199.022313	
199.043560	
199.167143	
199.326372	
199.531905	
199.665442	
199.883401	
200.118299	
200.194875	
200.220612	
200.272562	
200.429615	
200.687596	
200.835941	
200.848186	
200.979683	
201.218844	
201.232426	
201.358571	
201.405556	
201.533220	
201.797596	
202.075737	
202.275442	
202.289342	
202.314898	
202.433537	
202.593968	
202.608005	
202.697211	
202.712971	
202.738821	
202.874376	
202.900499	
202.915556	
202.959002	
202.999955	
203.074966	
203.143061	
203.221769	
203.234875	
203.323583	
203.415601	
203.498617	
203.594490	
203.685601	
203.710204	
203.794172	
203.809728	
203.871769	
203.886054	
203.960023	
204.010522	
204.071746	
204.111338	
204.177687	
204.233333	
204.255170	
204.304127	
204.350476	
204.385488	
204.496168	
204.514399	
204.631088	
204.714694	
204.865669	
204.884580	
204.911723	
204.949456	
204.973356	
204.999342	
205.136032	
205.188345	
205.345215	
205.501020	
205.564308	
205.747347	
205.856916	
205.979206	
205.997098	
206.037370	
206.053107	
206.116939	
206.132404	
206.195986	
206.245351	
206.271224	
206.378980	
206.527823	
206.692245	
206.770113	
206.793424	
206.814943	
206.828866	
206.924875	
206.942290	
207.111293	
207.160181	
207.254467	
207.311927	
207.328481	
207.360023	
207.374014	
207.481111	
207.543673	
207.633719	
207.735873	
207.824626	
207.888367	
207.902268	
208.039977	
208.160703	
208.178503	
208.197755	
208.278753	
208.309683	
208.328367	
208.357098	
208.384671	
208.411361	
208.432381	
208.452562	
208.564240	
208.724286	
208.819478	
208.958299	
208.981610	
209.004286	
209.044331	
209.064785	
209.111361	
209.134943	
209.160113	
209.178435	
209.197982	
209.253605	
209.309342	
209.336304	
209.361587	
209.438209	
209.491746	
209.539909	
209.621497	
209.638005	
209.697528	
209.746304	
209.771610	
209.823424	
209.875737	
209.960794	
209.974898	
210.069410	
210.142789	
210.196712	
210.307098	
210.356508	
210.438889	
210.456190	
210.482857	
210.504966	
210.564853	
210.663469	
210.760295	
210.823401	
210.890431	
210.903152	
211.071247	
211.131746	
211.278118	
211.299955	
211.367007	
211.540975	
211.567483	
211.624376	
211.711565	
211.850408	
211.871950	
211.916281	
212.015986	
212.125034	
212.165397	
212.207438	
212.258821	
212.284036	
212.350952	
212.394649	
212.479977	
212.586032	
212.610227	
212.635420	
212.651905	
212.805238	
212.819569	
212.905918	
212.980023	
213.032971	
213.081995	
213.129751	
213.212630	
213.269796	
213.411973	
213.470771	
213.529048	
213.567143	
213.604921	
213.668095	
213.728458	
213.835646	
213.951542	
213.995011	
214.104059	
214.147846	
214.315805	
214.377710	
214.420567	
214.445306	
214.469705	
214.506939	
214.535964	
214.581315	
214.619909	
214.636236	
214.691859	
214.782834	
214.875261	
215.036621	
215.164694	
215.248141	
215.320703	
215.370227	
215.427937	
215.476009	
215.502109	
215.566712	
215.609524	
215.757234	
215.881429	
215.909478	
215.958413	
216.065556	
216.104490	
216.122086	
216.228209	
216.281678	
216.321927	
216.492789	
216.583197	
216.598050	
216.627256	
216.738345	
216.821791	
216.834807	
216.886757	
217.000340	
217.043492	
217.184059	
217.251565	
217.265510	
217.290590	
217.408798	
217.476599	
217.658231	
217.731519	
217.786780	
217.988481	
218.057460	
218.183741	
218.362200	
218.567800	
218.702494	
218.834921	
218.889184	
219.130544	
219.315692	
219.339229	
219.366440	
219.431927	
219.665941	
219.883719	
219.965238	
220.169728	
220.230317	
220.244059	
220.460159	
220.521769	
220.707528	
220.735488	
220.761542	
221.037324	
221.049955	
221.317755	
221.410159	
221.604014	
221.847823	
222.141655	
222.353243	
222.414422	
222.631723	
222.705125	
222.930068	
222.952494	
222.966644	
223.233560	
223.499569	
223.695782	
223.793832	
224.055329	
224.068571	
224.223968	
224.354785	
224.491769	
224.505215	
224.603492	
224.722585	
224.764036	
224.787347	
224.804422	
224.904626	
225.079025	
225.165805	
225.237642	
225.287778	
225.437234	
225.705170	
225.816395	
225.996032	
226.243923	
226.279342	
226.291723	
226.548073	
226.702109	
226.715556	
226.813855	
226.899002	
226.942154	
226.965669	
226.979751	
227.093923	
227.345850	
227.392222	
227.456712	
227.519002	
227.602313	
227.657120	
227.778753	
227.910136	
228.121361	
228.207574	
228.335964	
228.470590	
228.484535	
228.598957	
228.613515	
228.680045	
228.754104	
228.872721	
229.020522	
229.184467	
229.288435	
229.470590	
229.550884	
229.740317	
229.828118	
229.876417	
229.899365	
229.914150	
230.097279	
230.215692	
230.322562	
230.398345	
230.564512	
230.652585	
230.766508	
230.877370	
230.937596	
231.139252	
231.230272	
231.463991	
231.527687	
231.715646	
231.773243	
231.887075	
231.899184	
231.943673	
231.990907	
232.004036	
232.103832	
232.330159	
232.395805	
232.466259	
232.538957	
232.647143	
232.902540	
232.915351	
233.178345	
233.440340	
233.669615	
233.728163	
233.931950	
233.997234	
234.089297	
234.263991	
234.366599	
234.425011	
234.509501	
234.524490	
234.735193	
234.812063	
234.934830	
234.982653	
235.069751	
235.182426	
235.237438	
235.254422	
235.333923	
235.615079	
235.809433	
235.830159	
235.911247	
236.181202	
236.332290	
236.439841	
236.572268	
236.705805	
236.904649	
236.976916	
237.237959	
237.419955	
237.533152	
237.778141	
237.910000	
238.021519	
238.071973	
238.208005	
238.325034	
238.550068	
238.600567	
238.763243	
238.852608	
238.896213	
239.176531	
239.407256	
239.439909	
239.724921	
239.799048	
240.013968	
240.181406	
240.297664	
240.585873	
240.729751	
240.830998	
240.845465	
241.052063	
241.109388	
241.123401	
241.274671	
241.405805	
241.651791	
241.685556	
241.972381	
242.147098	
242.173605	
242.233855	
242.451451	
242.508639	
242.692290	
242.753492	
242.776961	
242.792902	
242.901837	
243.050000	
243.063855	
243.168050	
243.311791	
243.327506	
243.593628	
243.681293	
243.874444	
244.137732	
244.409909	
244.422109	
244.585601	
244.598345	
244.692177	
244.961746	
245.227279	
245.359887	
245.372812	
245.501020	
245.631950	
245.777664	
246.055011	
246.285442	
246.345941	
246.440839	
246.492653	
246.525556	
246.602449	
246.893447	
247.030204	
247.160023	
247.324626	
247.399229	
247.424898	
247.436961	
247.700612	
247.713220	
247.891224	
247.904898	
247.981814	
248.199342	
248.255261	
248.515850	
248.668707	
248.681224	
248.740771	
248.793583	
249.080680	
249.354649	
249.609161	
249.629592	
249.785351	
249.887528	
249.901814	
250.018027	
250.031927	
250.188050	
250.455510	
250.631293	
250.729977	
250.988753	
251.220544	
251.297574	
251.566984	
251.768662	
251.820136	
251.835397	
252.026576	
252.084195	
252.239048	
252.360023	
252.630658	
252.835646	
252.911837	
253.128413	
253.191383	
253.395193	
253.479048	
253.729274	
254.003197	
254.266440	
254.501474	
254.570476	
254.813900	
255.026961	
255.089524	
255.282812	
255.305215	
255.369138	
255.638299	
255.813605	
255.895737	
256.093220	
256.144717	
256.333560	
256.483061	
256.643492	
256.663469	
256.722222	
258.304989	
258.476531	
258.809206	
258.853039	
259.351655	
259.436644	
259.561179	
259.619977	
259.805896	
259.824376	
260.099524	
260.320091	
